width: 448
height: 448
use_precomputed_H: true
image_to_ipm_tf: -1.143681
image_to_ipm_tf: -3.286505
image_to_ipm_tf: 1536.132843
image_to_ipm_tf: 0.251548
image_to_ipm_tf: -6.689624
image_to_ipm_tf: 1109.685731
image_to_ipm_tf: 0.000561
image_to_ipm_tf: -0.013699
image_to_ipm_tf: 1.000000