image_width: 1920
image_height: 1200
camera_name: narrow_stereo
camera_matrix:
  rows: 3
  cols: 3
  data: [1097.723302, 0.000000, 956.312012, 0.000000, 1099.422781, 546.728541, 0.000000, 0.000000, 1.000000]
distortion_model: plumb_bob
distortion_coefficients:
  rows: 1
  cols: 5
  data: [-0.133145, 0.067073, -0.004124, -0.000076, 0.000000]
rectification_matrix:
  rows: 3
  cols: 3
  data: [1.000000, 0.000000, 0.000000, 0.000000, 1.000000, 0.000000, 0.000000, 0.000000, 1.000000]
projection_matrix:
  rows: 3
  cols: 4
  data: [1031.558228, 0.000000, 956.210193, 0.000000, 0.000000, 1057.705078, 538.767995, 0.000000, 0.000000, 0.000000, 1.000000, 0.000000]
