image_width: 1920
image_height: 1200
camera_name: narrow_stereo
camera_matrix:
  rows: 3
  cols: 3
  data: [1084.561092, 0.000000, 942.498463, 0.000000, 1083.918823, 555.045626, 0.000000, 0.000000, 1.000000]
distortion_model: plumb_bob
distortion_coefficients:
  rows: 1
  cols: 5
  data: [-0.130516, 0.071340, -0.002597, 0.000392, 0.000000]
rectification_matrix:
  rows: 3
  cols: 3
  data: [1.000000, 0.000000, 0.000000, 0.000000, 1.000000, 0.000000, 0.000000, 0.000000, 1.000000]
projection_matrix:
  rows: 3
  cols: 4
  data: [1027.665649, 0.000000, 944.681844, 0.000000, 0.000000, 1044.429565, 549.420089, 0.000000, 0.000000, 0.000000, 1.000000, 0.000000]
